4
103
63
45
36
36
45
24
26
17
18
33
20
27
16
24
17
24
10
11
16
12
21
11
17
11
13
10
10
6
8
8
9
5
8
9
9
13
8
4
8
8
7
6
5
4
3
7
3
4
6
6
3
1
8
3
5
2
0
2
0
3
3
1
2
3
3
1
2
1
1
1
0
2
1
1
5
2
2
1
1
2
1
1
0
0
2
3
1
1
0
0
2
2
1
0
1
0
1
1
0
2
1
0
1
0
1
0
0
3
2
0
0
2
2
1
1
1
1
2
0
1
1
2
1
0
0
1
1
1
1
0
0
0
0
0
0
1
0
0
0
0
0
1
0
1
0
2
0
0
0
0
0
0
1
0
0
1
0
0
0
1
0
0
0
0
0
0
0
1
0
0
0
0
0
0
0
0
0
0
0
0
0
0
1
0
0
0
0
1
0
0
0
0
0
0
0
0
0
0
0
0
0
0
1
0
0
0
0
0
0
0
0
0
0
0
0
0
0
0
0
0
0
0
0
0
0
0
0
0
0
0
0
0
0
0
0
0
0
0
0
0
0
1
0
0
0
1
0
0
0
0
0
0
0
0
0
1
0
0
0
0
0
0
0
0
0
0
0
0
0
0
0
0
0
0
0
0
0
0
0
0
0
0
0
0
0
0
0
0
0
0
0
0
0
0
0
0
0
0
0
0
0
0
0
0
0
0
0
0
0
0
0
0
0
0
0
0
0
0
0
0
0
0
0
0
0
0
0
0
0
0
0
0
0
0
0
0
0
0
0
0
0
0
0
0
0
0
0
0
0
0
0
0
0
0
0
0
0
0
0
0
1
