1
2
3
8
3
2
2
4
5
6
9
3
3
7
4
6
6
3
7
4
6
18
4
14
6
8
37
23
17
8
15
2
2
12
10
9
34
8
14
9
4
2
12
6
4
11
18
19
12
11
2
16
5
6
8
5
82
13
0
2
4
7
34
17
16
33
5
147
18
17
8
44
2
2
8
71
9
77
8
84
23
26
5
7
61
36
4
41
27
12
99
6
7
9
6
20
21
5
50
52
2
20
113
51
14
25
6
5
7
28
3
95
2
14
32
17
20
4
11
4
6
18
52
24
31
23
16
11
7
5
6
20
15
33
7
57
43
22
55
8
2
271
140
150
102
1
18
49
1
44
73
158
14
34
6
3
34
8
24
42
29
11
152
55
2
197
162
65
95
210
67
5
226
252
5
8
9
16
4
2
15
154
9
24
9
115
40
14
18
2
13
17
29
59
7
3
2
18
136
5
150
35
6
153
52
7
50
238
94
20
198
21
66
102
63
46
52
150
150
63
66
2
4
49
3
22
39
49
5
5
112
19
8
138
16
41
121
79
5
47
51
10
6
172
121
53
15
184
22
27
384
8
17
3
103
49
355
59
191
9
6
2
11
168
65
31
136
185
93
19
14
16
102
32
117
151
35
10
67
90
18
81
3
55
19
223
175
16
11
58
781
99
22
2
9
737
58
75
33
33
141
142
12
18
66
24
98
59
10
48
3
167
106
137
69
151
101
104
208
10
12
136
2
427
31
1
57
103
37
42
26
46
21
58
31
7
20
21
88
122
3
99
20
26
8
10
26
2
177
27
24
18
1
74
5
17
22
17
29
44
20
47
73
19
20
20
5
6
40
2
110
21
20
28
39
107
81
214
5
199
172
484
164
28
469
31
55
29
203
402
13
215
164
234
9
133
45
92
9
6
45
90
38
19
28
29
84
223
23
8
144
29
238
235
25
128
60
59
10
12
8
15
29
11
18
5
5
299
10
33
139
17
344
59
12
29
15
13
81
55
328
12
27
23
33
36
25
3
21
28
104
12
17
47
22
16
32
6
41
35
16
179
23
12
30
14
29
135
40
21
14
98
3
50
26
324
19
35
9
9
24
15
52
6
113
44
4
22
16
18
35
96
59
15
34
35
15
3
9
70
2
212
73
13
48
91
5
31
85
32
27
19
850
161
35
18
47
81
204
9
32
101
24
20
33
9
39
7
3
255
133
58
23
36
64
19
20
11
2
87
22
2
9
19
236
25
10
15
5
21
225
49
24
48
123
1
30
14
13
47
81
24
31
68
43
12
2
63
48
46
18
4
43
18
58
117
39
8
6
40
17
31
30
17
97
89
11
107
118
38
3
34
37
80
16
45
18
32
45
10
21
13
158
7
35
29
66
94
358
22
161
1
10
34
17
11
21
61
56
28
54
24
9
19
16
75
2
123
60
300
35
13
66
26
21
29
28
62
85
3
41
152
13
134
7
8
39
113
147
21
28
88
75
25
210
17
73
20
39
14
123
7
70
3
3
19
356
41
15
43
51
13
48
146
50
5
17
7
5
46
71
15
122
11
229
364
30
2
123
47
23
24
10
239
271
170
11
13
81
54
31
72
91
19
18
43
44
3
8
149
3
16
1352
23
142
60
34
12
85
13
95
34
57
127
10
245
15
8
73
13
96
43
95
9
75
7
6
294
53
47
54
302
4
3
56
36
8
194
10
3
225
11
46
14
37
15
32
84
895
41
251
46
24
22
12
32
2
15
69
24
34
5
2
18
17
55
11
4
300
117
45
21
145
96
93
9
41
69
86
23
119
20
45
269
3
2
48
29
45
108
35
20
152
95
46
239
4
5
36
21
17
247
97
4
9
43
18
58
20
6
15
45
124
3
296
18
24
8
10
3
15
62
7
94
28
37
14
35
47
64
3
24
14
8
25
56
10
9
7
25
50
49
35
33
49
17
26
6
3
23
28
21
30
21
9
3
10
8
5
25
25
86
5
4
53
27
8
19
14
99
10
70
26
28
110
57
25
151
50
51
72
80
117
34
47
14
82
55
176
8
4
64
11
33
29
5
32
33
23
23
4
57
40
19
128
25
30
15
17
557
55
225
18
41
5
6
334
7
5
21
16
40
18
21
146
3
77
64
84
120
18
9
38
8
59
18
15
134
7
40
5
36
4
23
22
9
85
65
45
25
17
12
23
58
22
27
48
5
21
26
56
48
3
33
6
9
37
58
3
83
74
18
27
14
19
6
10
6
4
75
93
334
17
84
10
58
12
14
53
37
35
27
85
135
76
31
11
8
93
22
16
18
3
8
6
68
23
9
9
61
82
8
5
16
47
18
87
51
9
5
39
13
18
155
6
5
20
11
11
5
92
21
31
34
8
59
29
163
32
3
67
50
25
43
25
50
31
9
20
29
9
2
34
23
8
7
54
5
47
3
54
2
57
28
5
24
24
14
4
2
116
10
27
65
2
2
12
62
34
22
31
29
59
18
5
8
16
65
15
41
33
50
11
14
176
27
7
48
42
54
113
24
36
83
220
42
36
71
57
4
36
29
21
12
30
73
13
105
2
42
58
15
37
2
78
18
30
56
25
3
16
38
7
31
17
39
44
27
59
7
5
23
8
4
60
23
7
19
341
35
8
101
38
6960
44
41
27
70
104
21
106
13
175
46
20
9
3
139
16
49
22
3
6
6
14
14
13
3
57
2
66
70
168
28
25
8
2
52
37
95
55
14
2
9
38
38
7
239
2
13
78
24
185
40
39
48
64
138
16
11
13
3
11
13
19
143
12
79
4
19
61
41
17
65
25
30
5
8
88
16
49
16
5
18
4
0
73
13
116
27
29
26
3
176
28
17
26
50
570
11
34
4
31
71
209
15
30
31
32
37
6
30
19
29
1
86
9
79
13
38
7
56
124
19
134
46
81
80
5
84
125
58
149
22
67
21
36
22
14
28
81
3
30
52
60
50
23
12
18
6
82
12
35
9
43
56
17
64
35
60
59
48
22
10
2
389
29
11
18
4
115
11
28
17
9
107
16
6
14
61
94
50
16
5
29
191
154
39
172
6
50
188
101
32
44
6
82
371
4
390
19
24
21
47
17
3
25
56
3
14
65
191
3
2
5
25
51
66
16
8
15
36
136
33
2
10
18
29
5
58
10
18
81
1
8
4
38
7
27
36
84
18
41
44
4
2288
5
357
8
26
15
113
41
17
8
22
16
44
60
75
7
7
8
16
23
5
93
43
3
36
17
10
13
8
21
44
12
13
217
7
31
11
62
29
27
14
26
5
205
62
170
26
56
17
217
4
18
26
3
13
2
18
126
38
15
55
9
7
74
51
66
6
51
14
7
7
51
5
11
4
17
88
5
4
30
54
15
47
21
60
3
25
5
3
71
36
19
19
48
17
6
24
9
18
23
23
4
8
89
16
5
7
19
105
4
28
194
4
31
12
45
9
6
71
29
2
45
12
108
44
10
5
59
4
4
6
4
27
37
55
3
24
23
12
15
172
63
7
31
48
5
4
64
19
25
29
2
10
4
34
23
26
12
3
9
29
69
8
13
42
62
6
13
14
44
8
64
24
7
6
67
51
58
31
6
9
11
91
26
12
20
592
172
6
4
23
12
11
17
6
64
35
9
9
6
30
10
14
122
63
13
36
45
39
24
15
21
25
10
24
182
58
5
16
9
17
11
12
5
13
44
3
16
74
96
14
219
29
6
60
15
2
5
13
26
10
84
11
8
50
8
9
142
4
22
59
4
18
28
13
9
4
109
56
23
57
5
18
13
8
30
7
29
19
32
2
76
3
10
13
15
17
13
95
6
5
11
4
77
18
21
14
23
6
27
51
30
25
11
22
4
10
84
12
11
2
14
16
24
47
2
10
112
3
17
16
5
33
7
8
27
19
5
5
53
5
10
2
2
5
9
9769
32
41
46
85
21
66
15
8
6701
80
17
4
2
8
3
15
25
70
88
173
72
68
40
22
31
13
15
2
2
14
12
11
24
21
11
7
293
5
29
25
16
3
19
3
296
19
103
8
8
19
5
10
47
128
118
31
32
17
26
50
45
1
4
23
66
72
5
35
26
24
5
11
20
248
31
2
13
5
45
3
29
10
9
2
3
2
6
24
15
11
20
33
22
19
21
7
3
23
16
39
1
22
12
44
96
56
49
12
14
21
9
23
6
3
42
5
33
36
37
5
46
2
87
32
47
8
59
44
35
39
24
8
23
14
3
157
12
7
8
52
40
160
40
7
7
3
10
17
57
13
26
118
23
296
15
7
60
2
9
13
2
9
32
46
3
11
6
9
4
2
44
10
49
9
20
33
12
9
23
9
4
27
10
12
23
11
14
2358
5
20
35
11
39
13
12
14
15
47
39
19
54
21
2
12
10
14
27
3
12
11
42
6
10
23
18
5
19
3
14
11
1
11
5
8
52
3
83
7
58
71
41
55
13
79
60
2
39
20
111
21
7
6
29
269
45
2
21
12
24
24
16
62
11
18
2
5
12
28
6
4
31
20
10
11
48
42
121
19
14
26
745
41
4
449
8
43
21
10
12
32
10
46
12
79
4
25
22
7
3
39
25
18
11
55
16
9
2
21
44
3
5
18
3
13
13
37
21
35
98
27
36
92
5
24
80
1
11
12
10
9
105
7
20
4
5
109
7
6
8
13
44
217
43
11
17
2
12
3
4
104
9
7
36
25
1
1
154
18
386
4
8
12
64
3
9
43
7
10
6
8
26
87
4
16
24
6
30
18
24
24
96
5
6
9
27
7
32
8
15
13
29
3
8
15
5
9
4
20
21
13
41
16
4
54
4
49
20
4
18
14
28
10
35
10
21
3
9
37
10
52
4
21
3
5
67
4
19
3
2
18
7
11
7
5
42
14
2
23
26
12
2
38
39
10
28
64
5
2
91
44
12
10
2
2
19
3
9
36
548
16
18
7
47
7
2
35
41
13
24
3
47
18
2
24
25
5
37
18
10
5
32
8
36
4
12
7
12
37
7
12
22
81
6
5
17
1
13
3
16
4
4
3
16
37
8
6
115
16
11
4
2
44
17
6
1961
35
7
5
1
8
60
15
1
7
74
15
3
3
18
1
19
4
1
8
13
217
1
10
51
47
21
13
3
44
10
62
1
1
3
9
9
6
32
9
2
18
28
4
7
5
7
2
13
69
3
4
47
4
15
3
5
4
9
11
5
1
8
4
19
28
9
4
14
39
1
5
14
1
3
2
78
18
10
8
7
10
14
1
24
14
3
5
7
6
6
8
7
3
2
7
1
5
29
2
3
46
5
110
13
4
1
6
1
16
2
2
6
4
12
44
2
13
7
51
5
2
3
34
63
27
1
6
2
10
1
3
3
3
15
2
3
6
2
13
15
15
3
9
18
13
9
6
3
41
11
10
9
51
10
6
9
13
28
1
914
1566
4
62
54
2
32
145
25
11
7
6
1
1
29
54
20
2
6
11
17
5
15
39
9
2
13
38
3
4
41
3
9
7
10
6
1
20
51
9
12
31
9
3
5
10
1
9
19
10
4
14
1
1
5
32
9
58
9
22
9
3
14
4
22
3
49
24
10
64
15
10
6
97
11
11
17
6
42
14
10
7
2
43
12
15
396
22
3
10
15
5
39
26
3
17
14
18
3
13
16
1
51
5
1
2
7
76
4
20
2
7
109
5
22
1
41
29
5
8
6
26
14
16
12
11
11
116
9
6
7
16
45
2
20
10
8
2
3
26
59
21
6
3
12
11
2
40
4
2
39
6
2
1
116
1
11
2
4
3
17
10
50
6
13
5
101
5
31
15
13
8
10
13
5
5
174
1366
11
5
9
9
2
3
13
3
1
24
4
19
8
4
38
2
8
6
12
1
6
2
4
14
17
8
12
1
31
9
25
2
11
22
17
15
15
18
18
17
7
3
11
4
5
40
3
6
19
5
3
9
26
16
3
9
2
28
18
10
8
20
13
2
22
7
1
15
116
80
8
5
104
1
14
17
3
9
12
11
20
17
2
4
21
6
7
10
13
8
14
14
7
7
4
10
13
4
2
5
8
10
23
12
26
15
5
43
7
8
14
10
5
16
15
75
2
2
7
2
71
17
2
12
4
6
8
14
20
16
1
215
3
13
24
2
3
12
2
3
2
4
260
6
5
10
4
1
6
3
4
12
11
6
13
9
31
12
12
7
4
3
51
33
5
61
14
13
7
13
2
34
53
14
8
20
2
2
3
9
6
2
3
4
8
1
12
2
20
35
1
5
1
2
1
3
36
14
3
3
1
1
6
10
17
0
2
8
7
34
2
4
7
17
21
19
4
10
60
1
6
3
10
31
10
8
3
7
3
92
10
3
6
1
6
2
3
7
7
4
2
13
1
1
22
5
1
11
2
6
3
14
2
1
11
6
4
47
3
7
19
6
10
5
1131
6
1
31
1
5
3
34
1
16
4
44
5
75
4
3
3
15
7
6
6
96
4
14
7
4
7
4
3
7
45
32
30
1
24
1
7
3
4
9
12
10
16
4
4
117
3
14
1
7
6
20
10
6
3
4
2
12
1
4
1
8
6
13
3
20
8
9
4
28
4
5
3
2
6
7
18
13
3
1
38
4
12
1
2
4
6
2
5
4
2
24
86
14
4
57
2
5
5
10
21
30
0
9
2
7
2
1
5
6
6
14
4
7
23
28
1
1
1
3
1
10
2
2
20
2
3
3
4
2
1
11
3
16
22
1
9
4
5
5
6
2
5
1
8
4
1
5
2
3
1
2
2
1
3
5
5
2
14
2
3
2
1
12
13
9
5
3
4
1
2
1
0
1
1
8
7
16
1
14
34
1
1
1
7
1
2
1
1
1
3
