1
2
4
7
11
6
12
6
5
21
26
22
36
16
9
27
31
18
8
23
39
19
20
95
19
62
17
18
17
17
13
83
57
38
45
29
14
19
20
45
146
109
182
78
65
28
114
20
26
42
88
20
286
88
240
165
61
186
8
70
36
25
26
19
42
16
297
37
70
35
74
103
100
476
37
18
199
42
167
112
100
49
116
248
60
159
16
385
258
33
141
122
114
278
49
11
458
405
56
42
13
437
233
39
170
137
132
122
139
62
80
11
129
193
6
5
81
188
13
18
96
4
3
41
14
95
29
80
131
184
41
171
595
22
46
16
894
103
192
14
480
156
309
439
20
9
141
83
209
430
56
62
72
479
167
17
92
74
245
184
93
79
406
58
50
227
20
58
233
151
23
569
244
106
339
267
492
247
130
310
233
46
65
371
51
48
16
25
31
56
988
60
341
225
500
14
347
105
281
507
1469
142
99
155
38
609
270
23
141
31
87
366
133
69
20
12
96
218
693
35
277
290
184
31
167
1058
628
80
238
192
64
66
824
24
419
362
58
273
376
177
59
14
38
52
50
72
1301
81
62
451
35
175
35
110
428
21
463
59
19
106
293
12
58
32
133
42
82
1175
171
277
77
237
186
268
420
46
516
161
53
125
193
48
72
67
503
9
162
825
269
32
181
105
35
543
193
38
104
16
247
44
405
88
130
342
15
358
81
38
113
31
489
146
44
47
336
11
297
68
211
41
40
294
149
159
81
61
386
302
91
90
152
107
9
213
96
239
861
104
160
102
137
267
198
91
503
24
384
44
1279
901
71
109
87
12
44
115
51
233
50
145
155
46
377
85
414
147
15
131
70
110
138
207
222
498
18
313
41
372
57
27
79
125
141
162
19
30
83
37
351
75
18
121
146
178
72
84
74
38
520
29
56
28
151
308
442
192
232
59
1233
225
30
162
6
83
106
204
151
183
317
60
694
78
28
41
42
25
23
100
195
14
546
675
297
254
141
893
42
49
50
36
56
145
374
62
31
16
196
9
341
459
7
826
77
83
341
65
351
17
372
64
349
71
29
220
124
330
197
27
168
170
112
37
213
170
65
75
80
39
492
21
5
2851
104
13
338
180
158
52
66
37
167
588
10
108
25
88
46
368
73
94
27
79
132
236
348
248
93
404
172
552
180
34
49
76
21
697
45
83
86
61
7
93
135
130
10
690
121
34
25
757
90
343
94
246
161
65
108
165
91
39
544
157
63
169
13
29
54
6
385
57
135
49
24
41
91
72
155
16
153
577
57
55
259
43
132
251
136
284
17
139
131
52
309
172
203
28
46
308
155
10
73
46
67
178
245
73
50
30
30
99
115
77
357
385
98
18
78
398
219
35
136
93
19
30
12
53
136
38
44
51
19
46
14
16
36
147
15
123
90
29
138
169
130
151
281
16
24
33
102
28
68
190
241
47
10
64
70
85
63
36
66
9
92
39
112
41
94
494
73
74
96
290
24
98
27
277
48
750
53
65
103
21
77
178
46
155
66
8
210
65
109
16
132
75
53
11
168
58
105
12
215
130
297
136
28
256
279
35
66
146
82
382
1258
496
74
46
129
96
19
52
32
57
49
230
111
225
138
110
23
324
6
107
22
16
53
115
96
140
120
93
20
56
119
132
412
239
74
8
36
354
123
55
80
11
99
226
25
25
16
268
165
82
146
77
137
76
23
12
84
76
8
13
30
52
180
106
190
26
96
52
30
43
111
24
46
47
7
8
26
92
19
173
512
571
88
59
40
12
35
52
321
14
38
222
36
38
328
352
48
579
130
26
68
72
56
69
264
537
64
20
64
140
12
10
61
16
68
7
389
110
436
107
104
270
43
48
33
46
22
43
206
129
260
12
30
122
284
6
172
74
333
172
36
55
591
24
126
47
29
55
109
115
159
4
193
45
18
39
15
59
136
38
71
118
106
39
49
208
79
207
122
95
388
77
53
46
44
6
59
217
125
92
334
205
64
16
118
37
375
216
73
336
29
42
59
4
3
38
31
23
28
71
21
153
30
96
81
18
27
118
217
129
21
72
77
20
319
27
8
51
143
161
95
38
105
18
307
37
77
24
73
18
50
27
133
13
357
27
1010
3
1411
423
9
48
89
126
61
88
5
12
6
15
37
41
59
10
10
96
15
85
132
24
61
16
71
60
22
112
74
9
280
5
30
24
55
18
11
13
200
8
52
9
14
60
203
232
43
68
9
51
199
53
15
49
210
117
13
133
39
4
14
182
20
588
29
86
444
115
9
76
10
127
176
47
328
18
95
12
23
74
26
169
12
65
35
40
36
13
6
330
82
23
24
112
22
14
17
33
16
80
230
235
20
19
19
32
24
149
52
87
70
5
70
27
87
237
73
14
20
12
15
17
18
4
14
25
7
1
33
707
61
57
27
25
177
78
33
27
314
18
35
161
58
130
129
4
17
95
9
24
11
37
62
33
39
62
18
8
22
113
93
16
69
28
203
247
5
14
170
438
47
420
28
5
11
34
11
6
149
53
70
21
65
5
17
102
52
57
21
28
11
117
15
36
10
27
6
8
141
3
9
5
68
4
3
48
1
42
29
123
3
65
8
54
6
12
3
20
24
26
21
109
8
117
36
93
18
86
266
181
48
20
79
8
19
149
34
203
8
44
19
183
99
17
92
17
36
178
16
51
47
9
52
62
24
30
80
67
27
19
61
119
27
81
12
22
32
31
19
109
14
14
21
53
10
51
61
38
627
2
94
12
8
54
33
134
12
34
7
83
51
56
21
21
19
26
13
8
30
104
4
24
30
60
79
8
132
22
23
15
20
78
8
225
5
119
13
195
11
87
116
141
33
27
158
25
47
50
16
5
3
2
21
120
58
20
29
16
5
44
2
7
34
26
37
20
38
46
30
51
20
16
12
3
8
37
10
44
25
60
18
74
14
368
3
19
9
23
104
79
108
10
6
83
264
35
15
17
22
3
24
24
4
140
113
28
9
34
5
7
5
42
55
29
32
53
44
11
14
11
89
24
29
3
36
266
17
10
21
27
32
4
12
36
47
42
13
28
20
54
54
56
22
2
27
44
5
19
15
45
10
23
113
6
3
133
14
12
248
3
9
14
11
33
4
34
333
149
57
23
7
5
18
17
19
15
8
12
42
46
43
9
29
10
78
52
18
5
26
6
3
3
15
11
37
9
6
2
22
48
123
20
44
58
130
40
21
5
3
20
33
72
6
13
16
29
95
14
11
5
200
3
154
2
2
18
9
5
2
70
18
6
13
40
11
14
7
7
22
11
28
21
35
21
15
38
7
14
3
3
1
5
7
34
17
62
2
1
37
6
8
9
12
23
30
3
16
2
21
4
29
2
42
29
5
5
12
4
22
4
50
8
109
40
2
7
19
3
1
3
1
42
24
8
3
1
10
3
17
13
5
2
11
4
11
3
4
22
12
2
8
1
34
3
1
24
14
4
6
2
5
4
2
4
2
15
1
13
25
36
5
16
5
16
32
11
3
25
3
14
3
3
14
1
2
1
18
1
1
29
0
0
6
3
7
2
10
2
11
1
5
21
1
14
3
4
6
26
5
3
8
0
3
22
3
2
3
5
7
1
2
1
2
1
1
6
3
5
2
2
1
3
1
1
9
2
3
2
2
7
1
1
1
1
1
2
1
2
1
0
2
1
1
2
1
1
1
1
1
