1 2
3 4 5
6 7 8
9 10
11 12 13
14 15
16 17
14 15 18
15 17 19
18
20 21
22 23
24 25 26
27 28
29 30
31 32
33 34
35 36
37 38
29 39
40 41 42 43 44
45 46
47 48 49 50
51 52 53
54 55
56 57
58 59 60
59 60 61
62 63 64
65 66
67 68 69 70
71 72 73
53 74 75 76 77 78 79
5 41 42 43 44 53 74 75 76 77 78 79 80
81 82
83 84
59 85 86 87
88 89
59 87
90 91
74 75 78
92 93
94
95 96
97 98 99
100 101 102
103 104 105 106 107 108
41 78 109 110
111 112
113 114
115 116
117 118 119 120
117 118
121 122
123 124 125
90 91 126 127
128 129
53 130 131 132 133
134 135
53 74 75
136 137 138 139 140
136 137
141 142
40 44 78 143 144
145 146 147 148
149 150
151 152
147 148
153 154 155
104 105 106 156 157
104 105 158 159 160 161
104 105 106 162 163
104 105 106 164 165
104 105 166 167 168 169 170 171 172 173 174 175 176
177 178 179 180 181 182
183 184
104 105 166 167 168 169 170 171 172
103 104 105 106 107
104 105 167 173 174 175 176
104 105 106 185 186
187
188 189 190 191 192
138 139 140 193 194
195 196
197 198 199
42 44 76 200 201 202 203 204 205 206 207 208 209
210 211
212 213
214 215
51 52 216 217 218
20 21 219 220 221 222
5 15 17 19
223
224
225 226
227 228
229 230 231
232
233 234
219 220 235
236 237
238 239
238 239 240 241 242 243
3
244 245
246 247
248 249
196 250 251
252 253
254 255 256 257 258
259 260
261 262
263 264 265 266
267 268
269 270
271
133
272 273
274 275
276 277 278 279
280 281
45 46 282 283
45 46 284 285
286 287
100 101 102 288
289 290
291 292
293 294
192 295
296 297 298
299 300 301 302
41 53 303 304
227 228 305 306
136 137 192 295
307 308
309 310
24 100 101 102 309 311 312 313 314 315 316 317 318 319
309 319
79 320 321 322 323 324
229 325
326 327
328 329
293 326 330 331 332
192 295 328 329
333 334
335 336
337
338 339
339
340 341 342 343
3 5 41 78
344 345 346 347
6 7 8 29 30
17 348 349 350 351
352 353 354 355
356 357
69 70 358 359
360 361
244 245 362 363 364
365 366
367 368
138 139 140 367 368
100 101 102 313 369 370 371
369 370 371
41 53 78 372 373
374 375
376 377
126 127 340 341 342 343 378 379 380 381 382 383 384 385 386 387
45 46 293 294
388 389
390 391
392 393
394 395
338
342 343 378 379 380 385 396
397 398
276 277 278 279 399 400 401
340 341 342 343 381 382
219 220 221 222
219 220 221 222 227 228
402 403 404 405
402 403
406 407
188 191
53 408 409 410 411
219 220 227 228
412 413 414
415 416
417 418
104 105 167 419 420 421 422 423
424 425 426 427 428
279 429 430 431 432
433 434
435
436 437
41 53 78 438 439
363 364
440 441
442 443
345 347 444
383 384 385 386 387
445 446
372 447 448
59 86 449 450 451
452 453
452 453 454 455
59 86 451
456
389
263 264
457 458
333 459
460 461
301 315 316 462 463 464
24 314
465 466 467 468 469
3 470 471 472
24 100 101 102 313 314
453 473 474
276 279 399 475
408 409
380 476 477
478 479
53 410 411 465 466 467 468 469
458 480
481 482
293 326 332
244 245 363 364
293 332
483 484
45 46 282 283 320 321
282 283
485 486
472 487 488
276 277 278 279 383 384 385 386 387 399 400 401 489 490 491
149 150 328 329
45 46 289 290
270 492
223 270 492
493 494
197 495 496
497 498
499
500
501 502
503
504 505
506 507
41 51 52
51 508
51 78 509
197 510 511 512
438 439
513 514
515 516
51 52
517 518
83 84 372 447 448
519 520
521 522
132 388 389 468 469 523 524 525 526
41 51 78 324 508 527 528
111 112 138 139 140
529 530
531 532 533
534 535 536
537 538 539
5 41 42 44 53 74 75 78 80 132 468 469 523 525 540
41 541 542
543 544 545
388 389 435
5 41 44 53 74 75 78 80 132 468 469 523 525 540
83 84 546 547
276 277 278 279 400 401
372 373
546 547
534
41 53 78 111 112 372 373
548 549
69 70 183 184
510 511 512
550 551
276 277 278 279 397 398
397 398 552 553
554 555
556 557
558 559
560 561
111 112 372 447 448 562
315 316
153 154 155 558 559
5 41 51 52 53 216 217 218
563 564
79 133 563 564 565
100 101 102 313
566 567
136 137 372 447 448
132 133 389 435 469 523 525
138 139 140 566 567
136 137 138 139 140 372 447 448
568 569
303 304
570 571
51 78 411 572
573 574
5 134 135
136 137 575 576
363 364 570 571
577 578
5 51 52 53 79
42 43 44 51 52 132 133 469 524 525 579 580
53 143 144 581
582 583
45 46 408 409
95 584 585
293 294 328 329
45 46 570 571
119 120
119 120 236 237
586 587
111 112 562
41 53 408 409 581
486 588
14
3 295 589
590 591
534 536 592 593 594 595 596
301 464 597
598 599
79 322 323 324
600 601
602 603
604 605
226 606
119 120 534 536 592 593 594 595 596
607 608
214 215 410
58 59 60 61
609 610 611
612 613
219 220 227 228 235
24 25 26 79
133 389 410
214 215 614
3 5 41 53 411 565
615 616
293 294 309 310
311 312
83 84 617 618
126 619
342 343
620 621
328 329 622 623 624 625
626 627
628 629 630
138 139 140 192 295
457 458 480
631
309 319 615 616
197 475 489 632 633
317 318
79 285 322 323 324 411 634
311 312 315 316 317 318
138 139 140
635 636
24 100 101 102 311 312 313 314 315 316 317 318
315 316 317 318 637 638
309 311 312 315 316 317 318 319
53 639
149 150 285
493 604 605
640 641
5 53 79 372 410 447 448
27 59 499 642
381 382
363 364 521 522
643 644 645
404 405
301 316 646
229 438 439 647
232 320 321
325 648 649 650
284 285
651 652 653
654 655
344 345 656
437 657 658
533 659 660
296 339
296 323 339
661 662
100 101 102 123 124 125
115 116 188 191
663 664
592 593 594 595 596
6 8
665 666
45 46 363 364 570 571
667 668
126 127 378 379 380 381 382
126 127 378 379 380 383 384 385 386 387
126 127 342 343 378 379 380 385 396
669 670 671
309 310 328 329
138 672
673 674
323 675
465 466 467
676 677 678 679 680
138 193 194
41 150 285 388 389
111 112 138 139 140 562
392
41 53 408 409
24 100 101 102 313 314 392 393
24 100 101 102 309 313 314 319 392 393
24 25 26 41 53 581 681
69 70 682 683
552 553
637 638
529 530 684 685
686 687 688 689 690
691 692
59 693
88 89 363 364 694 695 696
533 697
622 623
45 46 59 86 449 450 451
686 688 698
100 101 102 309 319
699 700
178 179 182 342 343 378 379 380 385 396 701 702 703 704 705
178 179 180 182 276 277 278 279 383 384 385 386 387 399 400 401 489 490 491 706 707 708 709
276 277 278 279 430 710 711
276 277 278 279 383 384 385 386 387 400 401
276 277 278 279 399 400 401 489 490 491
138 279 712
708 709
713 714
178 179 180 181 182 715
178 179 181 182 715
178 179 180 182 716 717
178 179 180 182 718 719 720 721
177 178 179 180 181 182 715
178 179 180 182 722 723 724
178 179 180 182 704 725
178 179 180 182 701 704 726
178 179 180 182 701 704
178 179 182 702 703 727
178 179 180 182 721 728
178 179 180 182 721 729 730
178 179 180 182 731 732
178 179 180 182 733 734
178 179 182 733 734
178 179 180 182 702 703 733 734
178 179 180 182 735 736 737
178 179 180 182 738 739
178 179 182 702 703 740
178 182 702 703 741
178 179 182 702 703 742
178 179 182 702 703 741
178 179 182 702 703 743
178 179 182 701 702 703 704 742
178 179 182 702 703 704
178 179 182 702 703 744
178 179 182 702 703 745
178 179 182 702 703 705
178 179 182 702 703 746
178 179 182 702 703 747 748
178 179 182 702 703 748 749
178 179 180 182 702 703 705
178 179 182 702 703 750
178 179 182 702 703 734
178 179 180 182 701 702 703 704 705 726
178 179 182 702 703 704 726
178 179 182 701 702 703 704
178 179 180 181 182 702 703 715 740
1 751
752 753
275 754
254 258 755
45 46 280 281 756 757 758
3 470 471 472 487 488
759 760
138 192 295 672
141 142 411
761 762
21 763 764
44 51 78 133 509 523
468 765 766
454 455
767 768
119 120 767 768
769 770
41 51 52 324
45 46 178 179 182 771
197 475 489 632 633 772
624 625
276 277 278 279 383 384 385 386 387 399 489 490 491 708 709
384 773 774 775
3 328 329 470 471 472 622 623 624 625
328 329 470 471 472 622 623 624 625
470 471 472
138 604 605 672
456 615 616
88 89 456
138 139 140 604 605
776 777
372 447 448 562
53 74 75 133 778
779 780
669 781
178 179 182 771
232 282 283 320 321
45 46 232 282 283 320 321
472 782
783 784
152 785
279 430 710 711
276 277 278 279 399 489 490 491
786 787
453 473 788
210 789
790 791 792 793 794 795
796 797
276 277 278 279 399 400 401 489 490 491 708 709
798 799
279 430 710
226 800
548 549 673 674
801 802
445 446 776 777
404 405 590 591
132 133 525 586 587
41 53 324 408 409
5 803 804
486 588 805
497 806 807
808 809
229 230 231 280 281
315 316 317 318
11
810 811
812 813
342 343 385 396
275 754 796 797
457 814
149 150 192 295
815 816
817 818
258 819 820 821
276 279 399
806
320 321
293 294 309 310 328 329
328 329 822 823 824 825
453 454 455 473 788
282 283 320 321
790
24 100 101 102 309 313 314 319
617 618
74 75
826 827 828 829 830 831 832
117 118 767 768
69 833 834 835
126 127 378 379 380 381 382 836 837
126 127 378 379 380 836 837
615 616 822 823 824 825
483 484 615 616
309 319 483 484 615 616
126 127 836 837
100 101 102 309 310
378 379 380 381 382
838 839
126 127 342 343 378 379 380 381 382 385 396 546 547 836 837
126 127 378 379 380 546 547 836 837
126 127 305 342 343 378 379 380 381 382 385 396 546 547 836 837 840 841 842 843
126 127 276 277 278 279 378 379 380 381 382 399 489 490 491
126 127 276 277 278 279 378 379 380 399 489 490 491 836 837
126 127 178 179 182 305 378 379 380 381 382 546 547 771 836 837 840 841 842 843
126 127 178 179 182 276 277 278 279 378 379 380 381 382 399 489 490 491 771 836 837
126 127 276 277 278 279 340 341 342 343 378 379 380 381 382 383 384 385 386 387 399 489 490 491
275 276 277 278 279 378 379 380 381 382 399 489 490 491 754 836 837
844 845
293 294 309 319
236 237 534 536 592 593 594 595 596
45 46 126 619
126 127 305 378 379 380 381 382 546 547 836 837 840 841 842 843
126 127 378 379 380 381 382 383 384 385 386 387 836 837
276 277 278 279 383 384 385 386 387 399 489 490 491
258 819 820 846
847 848
849 850
851 852 853
561 854
855 856
178 179 182 472 487 488 771
650 857 858
126 127 378 379 380 796 797
378 379 380
378 379 380 796 797
126 127 305 378 379 380 381 382 383 384 385 386 387 546 547 796 797 836 837 840 841 842 843
859 860
751 861
531 532 533 810 811
104 105 106 862 863 864 865
258 820 866 867 868
126 127 378 379 380 381 382 383 384 385 386 387 796 797
305 378 379 380 381 382 840 841 842 843
3 45 46 470 471 472
11 12 13 219 220 221 222
197 276 277 278 279 475 489 632 633
328 329 351 622 623 869
126 127 276 277 278 279 378 379 380 381 382 399 489 490 491 836 837
126 127 276 277 278 279 378 379 380 381 382 399 489 490 491 546 547
53 58 59 60 61 410 411 465 466 467 468 469
870 871
45 46 114 289 290
45 46 486 588
872 873
309 319 454 455
100 101 102 214 215 410
138 139 140 178 179 180 182 193 194 367 368 874 875
751 876
238 239 242 877
330 331 363 364
197 276 277 278 279 383 384 385 386 387 399 400 401 475 489 490 491 632 633
878 879
880 881
229 285 438 439 634 647
24 100 101 102 313 314 315 316 317 318 392 393
309 310 457 814
293 294 483 484 822 823 824 825
296
59 85 86
276 277 278 279 305 378 379 380 381 382 840 841 842 843
126 127 378 379 380 381 382 609 610 611 796 797
114
294
882 883
293 294 363 364
884 885
756 757 758
886 887
888 889
890 891 892
893 894
44 684 685
179 723 895 896 897 898
899 900
104 105 106 901 902
53 178 179 182 639 701 702 703 704 705
126 127 276 277 278 279 378 379 380 381 382 609 610 611
178 179 182 731 732
178 179 180 182 721 728 903
178 179 182 701 702 703 704 705
178 179 182 701 702 703 704 741
178 179 182 702 703
178 179 182 701 702 703 704 726
178 179 180 182 701 702 704 705
178 179 182 701 702 703 704 743
178 179 182 701 702 703 704 705 726
178 179 182 701 702 703 704 740
178 179 180 182 701 702 703 704 726
126 127 305 378 379 380 381 382 383 384 385 386 387 546 547 836 837 840 841 842 843
223 282 283
179 719 904 905 906
126 127 276 277 278 279 378 379 380 381 382 383 384 385 386 387 399 489 490 491 836 837
126 127 342 343 378 379 380 381 382 385 396
126 127 276 277 278 279 340 341 342 343 378 379 380 381 382 399 489 490 491 609 610 611
126 127 378 379 380 381 382 383 384 385 386 387
309 315 316 317 318 319
907 908 909
910 911
104 105 106 912 913
723 896 914 915 916 917 918 919
57 199 632 920
17 348 349 350 351 454 455
5 41 78 324 921
197 328 329 475 489 622 623 624 625 632 633 815 816
45 46 673 674
104 105 167 902 922
11 12 13 45 46 376 377 415 416
178 179 182 197 305 475 489 552 553 632 633 771 840 841 842 843
3 178 179 182 276 277 278 279 305 383 384 385 386 387 470 471 472 771 840 841 842 843
45 46 383 384 385 386 387
178 179 180 182 276 277 278 279 399 400 401 489 490 491 701 702 703 704 726 796 797
272 273 275 305 754 840 841 842 843
435 552 553
178 179 182 435 624 625 771
178 179 182 654 655 702 703 727
178 179 180 182 328 329 622 623 624 625 733 734
11 12 13 376 377
178 179 182 435 771
923 924 925
258 819 820 867 868
178 179 180 182 701 722 723 724 731 732 735 736 737
276 277 278 279 815 816
178 179 180 182 874 875
37 178 179 180 182 383 384 385 386 387 874 875 926
378 379 380 381 382 546 547 836 837
836 837
126 127 378 379 380 381 382 383 384 385 386 387 796 797 836 837
822 823 824 825
117 118 534 536 592 593 594 595 596
178 179 180 182 276 277 278 279 400 401 701 704 726
927 928 929
909 930
31
104 105 106 862 863 864 865 931 932
104 105 106 862 863 864 865 931 932 933 934
104 105 106 935 936
104 105 106 937 938 939
104 105 106 933 934
104 105 167 940 941
178 179 180 182 733 734 942 943
178 179 180 182 717 944
178 179 180 182 717 737 944
178 179 180 182 942 943
178 179 180 182 706 707
177 178 179 180 181 182 715 718 719 720 721
178 179 180 182 717 718 719 720 721 733 734 735 736 737 944
177 178 179 180 181 182 715 717 718 719 720 721 728 733 734 735 736 737 944
177 178 179 180 181 182 717 733 734 735 736 737 944
178 179 180 182 718 719 720 721 728
177 178 179 180 181 182 715 735 736 737
177 178 179 180 181 182 715 733 734
178 179 180 182 717 735 736 737 944
177 178 179 180 181 182 715 718 719 720 721 728
177 178 179 180 181 182 715 717 733 734 735 736 737 944
177 178 179 180 181 182 715 717 718 719 720 721 728 733 734 944
177 178 179 180 181 182 715 717 718 719 720 721 733 734 735 736 737 944
177 178 179 180 181 182 715 718 719 720 721 733 734
177 178 179 180 181 182 717 944
177 178 179 180 181 182 715 718 719 720 721 728 733 734
178 179 180 182 717 718 719 720 721 728 733 734 735 736 737 944
177 178 179 180 181 182 715 717 735 736 737 944
178 179 180 182 717 733 734 735 736 737 944
177 178 179 180 181 182 715 718 719 720 721 733 734 735 736 737
177 178 179 180 181 182 715 718 719 720 721 735 736 737
177 178 179 180 181 182 715 718 719 720 721 731 732 735 736 737
177 178 179 180 181 182 715 717 718 719 720 721 733 734 944
177 178 179 180 181 182 715 717 718 719 720 721 728 735 736 737 944
177 178 179 180 181 182 715 718 719 720 721 731 732 733 734 735 736 737
177 178 179 180 181 182 715 733
178 179 180 182 717 718 719 720 721 728 733 734 944
177 178 179 180 181 182 715 731 732 733 734 735 736 737
178 179 180 182 717 718 719 720 721 728 731 732 733 734 944
177 178 179 180 181 182 715 717 718 719 720 721 728 731 732 735 736 737 944
177 178 179 180 181 182 715 721 728 733 734 735 736 737
177 178 179 180 181 182 715 717 721 728 731 732 733 734 944
178 179 180 181 182 715 733 734
177 178 179 180 181 182 715 717 718 719 720 721 731 732 733 734 944
178 179 180 181 182 715 718 719 720 721 733 734 735 736 737
177 178 179 180 181 182 715 717 718 719 720 721 728 731 732 733 734 735 736 737 944
178 179 180 182 717 718 719 720 721 731 732 733 734 944
178 179 180 181 182 715 718 719 720 721 733 734
178 179 180 182 718 719 720 721 731 732 733 734 735 736 737
178 179 180 182 717 718 719 720 721 728 731 732 733 734 735 736 737 944
177 178 179 180 181 182 715 718 719 720 721 728 731 732 733 734 735 736 737
177 178 179 180 181 182 715 733 734 735 736 737
178 179 180 182 718 719 720 721 728 731 732 733 734
178 179 180 181 182 715 718 719 720 721 728 733 734
177 178 179 180 181 182 715 717 721 728 733 734 944
177 178 179 180 181 182 715 718 719 720 721 728 731 732 733 734
177 178 179 180 181 182 715 717 718 719 720 721 728 731 732 733 734 944
178 179 180 181 182 715 718 719 720 721
177 178 179 180 181 182 715 717 718 719 720 721 731 732 733 734 735 736 737 944
177 178 179 180 181 182 715 721 728 731 732 733 734
178 179 180 182 717 721 728 733 734 735 736 737 944
177 178 179 180 181 182 715 717 718 719 720 721 735 736 737 944
177 178 179 180 181 182 715 717 735 736 737 738 739 944
178 179 180 181 182 715 717 944
178 179 180 181 182 715 717 735 736 737 944
178 179 180 181 182 715 735 736 737
178 179 180 182 718 719 720 721 728 733 734 735 736 737
177 178 179 180 181 182 733 734 735 736 737
178 179 180 182 718 719 720 721 728 733 734
178 179 180 182 717 718 719 720 721 944
177 178 179 180 181 182 717 718 719 720 721 735 736 737 944
177 178 179 180 181 182 715 721 728
177 178 179 180 181 182 715 718 719 720 721 728 735 736 737
177 178 179 180 181 182 715 717 718 719 720 721 944
178 179 180 181 182 715 717 718 719 720 721 733 734 735 736 737 944
178 179 180 181 182 715 717 718 719 720 721 733 734 944
177 178 179 180 181 182 715 717 721 728 733 734 735 736 737 944
178 179 180 182 721 728 733 734
177 178 179 180 181 182 715 721 728 733 734
178 179 180 181 182 715 717 718 719 720 721 728 733 734 944
177 178 179 180 181 182 715 944
177 178 179 180 181 182 715 717 721 728 944
178 179 180 182 718 719 720 721 733 734
177 178 179 180 181 182 715 721 728 735 736 737
177 178 179 180 181 182 715 717 731 732 733 734 735 736 737 944
945 946 947
948 949
121 122 324 950
58 59 60 61 121 122 324 950
24 100 101 102 309 313 314 315 316 317 318 319
388
951 952
953 954
104 105 160 161 955 956
244 245 276 277 278 279 363 364 399 489 490 491
178 179 180 182 276 277 278 279 701 704
305 840 841 842 843
542 957
958 959 960
961 962 963
41 51 52 565
792 925 964 965
577 578 817 818
966 967
51 509
968 969
69 70 577 578 834 835
69 70 81 82 834 835 970
27 28 59 87
51 52 411
971 972
973 974
219 220 227 228 235 305 306
975
976 977
41 767 768
41 119 120 767 768
978
979 980
981 982
820 983 984 985
986 987
751
126 127 276 277 278 279 342 343 378 379 380 381 382 385 396 400 401
497 988 989 990
41 53 78 411 991 992
41 53 78 79 132 411 468 469 524 525 991 992
993 994
439 995
975 996
997 998
5 74 75 78
999 1000
1001 1002
309 319 470 471 472
126 127 276 277 278 279 381 382 399 489 490 491 836 837
219 220 227 228 305 306
178 179 180 182 875 1003
305 378 379 380 381 382 546 547 840 841 842 843
378 379 380 546 547
305 378 379 380 381 382 546 547 796 797 840 841 842 843
126 127
126 127 378 379 380 381 382 796 797 836 837
276 277 278 279 383 384 385 386 387 548 549
126 127 378 379 380 381 382 546 547 836 837
1004 1005
1006 1007
5 41 42 43 44 58 59 60 61 78 80 121 122 132
1008 1009
1010 1011
501
1012 1013
1014 1015
178 179 180 182 717 722 723 724 944
178 179 180 182 717 722 723 724 737 944
126 127 378 379 380 381 382 676 677 678 679 680 836 837
95 585
472 481 482 782
153 154 155 1016 1017
119 120 592 593 594 595 596
1018 1019
59 86 449
226 307 308 800
58 59 60 61 465 466 467
309 319 328 329
11 12 13 45 46 178 179 180 181 182 339 376 377 415 416 701 704 715 726
178 179 180 182 701 704 726 826 827 828 829 830 831 832
378 379 380 381 382 546 547
677 1020 1021
27 650 1022
271 1023
378 379 380 521 522
200 201 202 203
1024 1025
1026 1027
35 36 69 70
197 276 277 278 279 399 475 489 490 491 632 633
153 154 155 558 559 1016 1017
178 179 180 182 552 553 701 704 726
178 179 180 182 552 553 701 702 703 704 705 726
178 179 180 182 342 343 385 396 701 704 726
178 179 180 182 276 277 278 279 400 401 701 702 703 704 705 726
178 179 180 182 276 277 278 279 701 702 703 704 742 874 875
178 179 180 182 328 329 531 532 533 622 623 624 625 701 704 726 771
178 179 180 182 276 277 278 279 399 489 490 491 701 704 726
178 179 180 182 701 704 726 771
178 179 180 182 276 277 278 279 400 401 552 553 874 875
178 179 180 182 552 553 874 875
178 179 180 182 531 532 533 701 702 703 704 726 874 875
178 179 180 182 701 702 703 704 726 742
178 179 180 182 701 702 703 704 726 874 875
178 179 180 182 531 532 533 701 704 726
178 179 180 182 276 277 278 279 400 401 531 532 533 552 553 701 704 726 771
178 179 180 182 531 532 533 552 553 701 704 726 771
178 179 180 182 340 341 342 343 701 704 726
178 179 180 182 701 702 703 704 705 874 875
178 179 180 182 276 277 278 279 383 384 385 386 387 400 401 701 702 703 704 726 740 771
178 179 180 182 701 702 703 704 726 740 771
178 179 180 182 701 704 726 874 875
178 179 180 182 435 552 553 701 704 726
178 179 180 182 305 701 702 703 704 705 726 740 840 841 842 843
178 179 180 182 328 329 383 384 385 386 387 622 623 624 625 702 703 733 734 740
178 179 180 182 733 734 771 874 875
178 179 180 182 531 532 533 701 702 703 704 705 726
178 179 180 182 702 703 705 874 875
178 179 180 182 276 277 278 279 399 489 490 491 701 702 703 704 705 726
178 179 180 182 252 253 552 553 701 704 726
178 179 180 182 328 329 622 623 624 625 701 702 703 704 705 726
178 179 180 182 552 553 701 704 726 771
178 179 180 182 276 277 278 279 328 329 622 623 624 625 701 704 726
178 179 180 182 328 329 622 623 624 625 701 704 726
178 179 182 305 701 702 703 704 771 840 841 842 843
178 179 182 276 277 278 279 399 489 490 491 701 702 703 704 742
178 179 182 315 316 317 318 552 553 701 702 703 704 705 727 742 745 746 748 749 771
178 179 182 315 316 317 318 552 553 701 702 703 704 705 727 742 745 746 771
177 178 179 180 181 182 328 329 622 623 624 625 715
178 179 180 182 701 702 703 704 733 734 742 743 750
178 179 180 182 716 717 722 723 724 731 732 735 736 737 944
178 179 180 182 276 277 278 279 339 400 401 531 532 533 701 702 703 704 742
178 179 180 182 276 277 278 279 701 704 726
178 179 180 182 383 384 385 386 387 733 734
178 179 180 182 305 701 704 726 840 841 842 843
178 179 180 182 305 702 703 733 734 840 841 842 843 874 875
178 179 180 182 701 704 726 733 734
178 179 180 182 701 702 703 704 705 726 742 874 875
29 39 328 329 622 623 624 625
45 46 328 329 622 623 624 625 815 816
1028 1029
1030 1031 1032 1033
5 79 1034 1035
1036 1037
69 70 1038 1039
178 179 180 182 339 701 704 726
178 179 182 328 329 622 623 624 625 701 702 703 704 705
178 179 180 182 328 329 622 623 624 625 874 875
1040 1041 1042
1043 1044
1010 1045
1010 1046
325 1047 1048 1049 1050
1051 1052
1053 1054
5 41 855 856
723 896 897 1055 1056
41
126 127 276 277 278 279 378 379 380 399 489 490 491 546 547 790
226 307 308 800 1057 1058
1059 1060
340 341
1061
1062
179 719 904 1063
216 1064 1065 1066
41 42 43 53 143 144
5 41 42 43 44 74 75 78 80
1067 1068
69 70 1069 1070
137 562 1071
137 138 562 672 1071
1048 1049 1050
178 179 180 182 531 532 533 701 704
178 179 180 182 274 275 305 435 701 702 703 704 726 771 840 841 842 843
1072 1073
1074 1075
333 334 378 379 380 381 382 676 677 678 679 680
1076
1077 1078
111 112 372 447 448
1079 1080
5 41 42 43 44 78 80
59 1081 1082
40 41 44 59 1081 1082
40 41 42 43 44 59 1081 1082 1083
100 101 102 288 483 484
133 301 389 410 464 597
1084 1085
5 1086 1087
41 44 53 130 131 442 443
1088 1089
126 127 305 378 379 380 381 382 383 384 385 386 387 836 837 840 841 842 843
126 127 305 342 343 378 379 380 381 382 385 396 836 837 840 841 842 843
126 127 276 277 278 279 305 342 343 378 379 380 381 382 385 396 400 401 836 837 840 841 842 843
1090 1091
275 340 341 342 343 754 796 797
54 1092
276 277 278 279 383 384 385 386 387 399 400 401 489 490 491 708 709 713 714
100 101 102 328 329
384 773 775
773 774 775
178 179 180 182 276 277 278 279 399 489 490 491 701 702 703 704 726 874 875
178 179 180 182 701 702 703 704 874 875
1093 1094
1048 1049 1050 1095 1096
178 179 182 383 384 385 386 387 701 702 703 704 742
178 179 182 701 702 703 704 705 726 742
178 179 182 276 277 278 279 399 489 490 491 701 702 703 704 742 771
178 179 182 378 379 380 701 702 703 704
3 4 5 822 823 824 825
380 476 477 1001 1002
197 276 277 278 279 380 475 476 477 489 632 633 1001 1002
126 127 305 378 379 380 381 382 840 841 842 843
104 105 167 1097 1098
27 28 59 87 1099 1100
178 179 182 702 703 733 734
178 179 180 182 717 723 724 736 944 1101
126 127 546 547
133 410 411 526 997 998
1102 1103 1104 1105
454 455 1106
362
1107 1108
126 127 378 379 380 381 382 609 610 611
660 1109
1110 1111
78 1112 1113
1114 1115
1116 1117
1118 1119 1120
1121 1122
126 127 378 379 380 381 382 796 797
5 88 89
625 1123
244 245 363 364 445 446
773 774 775 1124 1125 1126 1127
1128
44 246 247
41 44 681 1129
119 120 560 561
126 127 276 277 278 279 378 379 380 381 382 400 401
126 127 276 277 278 279 305 342 343 378 379 380 385 396 400 401 840 841 842 843
126 127 276 277 278 279 342 343 378 379 380 385 396 400 401
819 820 1130 1131
347 1132 1133
27 28 196 250 251
1134 1135 1136
380 1137 1138 1139
37 926
192 295 363 364
45 46 280 281
214 215 276 277 278 279 410
3 178 179 182 470 471 472 771
3 470 471 472 822 823 824 825
104 105 167 938 1140
380 1141 1142
1143 1144
5 41 44 130 131
178 179 180 182 276 277 278 279 328 329 531 532 533 622 623 624 625 701 702 703 704 726
299 300 301 302 472 487 488
3 178 179 182 378 379 380 470 471 472 771 812 813
323 380 476 477 675
24 100 101 102 214 215 313 314 410
88 89 100 101 102 313 388 389 493 494
88 89 100 101 102 309 310 319
104 105 106 902 1145
100 101 102 288 470 471 472
3 100 101 102 288 470 471 472
1146 1147
468 640 641 765 766
1148 1149
126 127 276 277 278 279 378 379 380 381 382 383 384 385 386 387 399 489 490 491
378 379 380 381 382 383 384 385 386 387
126 127 276 277 278 279 378 379 380 381 382 383 384 385 386 387 399 489 490 491 796 797
126 127 276 277 278 279 378 379 380 383 384 385 386 387 399 489 490 491 609 610 611
100 101 102 504 505
686 687 688
51 468 572
86 1042 1150 1151
126 127 340 341 342 343 378 379 380 381 382
1152 1153
1154 1155
54
41 53 1156 1157
380 1158 1159
229 325 378 379 380
178 179 182 378 379 380 383 384 385 386 387 701 702 703 704 705
126 127 340 341 342 343 378 379 380 381 382 796 797
723 917 1160 1161
197 632 633 993 994
408 409 410
